Number of nodes 251 
     0 :  0.0000000e+00  0.0000000e+00 
     1 :  0.0000000e+00  8.0000000e+00 
     2 : -1.2000000e+00  0.0000000e+00 
     3 : -2.0000000e-01  0.0000000e+00 
     4 : -2.0000000e-01 -1.0000000e+00 
     5 :  2.0000000e-01 -1.0000000e+00 
     6 :  2.0000000e-01  0.0000000e+00 
     7 :  1.2000000e+00  0.0000000e+00 
     8 :  0.0000000e+00 -2.0000000e+00 
     9 :  2.0000000e+00  0.0000000e+00 
    10 : -2.0000000e+00  0.0000000e+00 
    11 : -3.0000000e+00  8.0000000e+00 
    12 : -2.0000000e-01  8.0000000e+00 
    13 : -2.0000000e-01  1.0800000e+01 
    14 :  2.0000000e-01  1.0800000e+01 
    15 :  2.0000000e-01  8.0000000e+00 
    16 :  3.0000000e+00  8.0000000e+00 
    17 :  4.0000000e+00  8.0000000e+00 
    18 :  0.0000000e+00  1.2000000e+01 
    19 : -4.0000000e+00  8.0000000e+00 
    20 : -1.1238795e+00 -3.8268343e-01 
    21 : -9.0710678e-01 -7.0710678e-01 
    22 : -5.8268343e-01 -9.2387953e-01 
    23 :  5.8268343e-01 -9.2387953e-01 
    24 :  9.0710678e-01 -7.0710678e-01 
    25 :  1.1238795e+00 -3.8268343e-01 
    26 :  4.4504187e-01 -1.9498558e+00 
    27 :  8.6776748e-01 -1.8019377e+00 
    28 :  1.2469796e+00 -1.5636630e+00 
    29 :  1.5636630e+00 -1.2469796e+00 
    30 :  1.8019377e+00 -8.6776748e-01 
    31 :  1.9498558e+00 -4.4504187e-01 
    32 : -4.4504187e-01 -1.9498558e+00 
    33 : -8.6776748e-01 -1.8019377e+00 
    34 : -1.2469796e+00 -1.5636630e+00 
    35 : -1.5636630e+00 -1.2469796e+00 
    36 : -1.8019377e+00 -8.6776748e-01 
    37 : -1.9498558e+00 -4.4504187e-01 
    38 : -2.9574617e+00  8.4862149e+00 
    39 : -2.8311393e+00  8.9576564e+00 
    40 : -2.6248711e+00  9.4000000e+00 
    41 : -2.3449244e+00  9.7998053e+00 
    42 : -1.9998053e+00  1.0144924e+01 
    43 : -1.6000000e+00  1.0424871e+01 
    44 : -1.1576564e+00  1.0631139e+01 
    45 : -6.8621490e-01  1.0757462e+01 
    46 :  6.8621490e-01  1.0757462e+01 
    47 :  1.1576564e+00  1.0631139e+01 
    48 :  1.6000000e+00  1.0424871e+01 
    49 :  1.9998053e+00  1.0144924e+01 
    50 :  2.3449244e+00  9.7998053e+00 
    51 :  2.6248711e+00  9.4000000e+00 
    52 :  2.8311393e+00  8.9576564e+00 
    53 :  2.9574617e+00  8.4862149e+00 
    54 :  3.9708355e+00  8.4821467e+00 
    55 :  3.8837673e+00  8.9572627e+00 
    56 :  3.7400650e+00  9.4184195e+00 
    57 :  3.5418241e+00  9.8588927e+00 
    58 :  3.2919355e+00  1.0272259e+01 
    59 :  2.9940430e+00  1.0652491e+01 
    60 :  2.6524906e+00  1.0994043e+01 
    61 :  2.2722590e+00  1.1291935e+01 
    62 :  1.8588927e+00  1.1541824e+01 
    63 :  1.4184195e+00  1.1740065e+01 
    64 :  9.5726266e-01  1.1883767e+01 
    65 :  4.8214672e-01  1.1970835e+01 
    66 : -4.8214672e-01  1.1970835e+01 
    67 : -9.5726266e-01  1.1883767e+01 
    68 : -1.4184195e+00  1.1740065e+01 
    69 : -1.8588927e+00  1.1541824e+01 
    70 : -2.2722590e+00  1.1291935e+01 
    71 : -2.6524906e+00  1.0994043e+01 
    72 : -2.9940430e+00  1.0652491e+01 
    73 : -3.2919355e+00  1.0272259e+01 
    74 : -3.5418241e+00  9.8588927e+00 
    75 : -3.7400650e+00  9.4184195e+00 
    76 : -3.8837673e+00  8.9572627e+00 
    77 : -3.9708355e+00  8.4821467e+00 
    78 : -1.3058824e+00  4.7058824e-01 
    79 : -1.4117647e+00  9.4117647e-01 
    80 : -1.5176471e+00  1.4117647e+00 
    81 : -1.6235294e+00  1.8823529e+00 
    82 : -1.7294118e+00  2.3529412e+00 
    83 : -1.8352941e+00  2.8235294e+00 
    84 : -1.9411765e+00  3.2941176e+00 
    85 : -2.0470588e+00  3.7647059e+00 
    86 : -2.1529412e+00  4.2352941e+00 
    87 : -2.2588235e+00  4.7058824e+00 
    88 : -2.3647059e+00  5.1764706e+00 
    89 : -2.4705882e+00  5.6470588e+00 
    90 : -2.5764706e+00  6.1176471e+00 
    91 : -2.6823529e+00  6.5882353e+00 
    92 : -2.7882353e+00  7.0588235e+00 
    93 : -2.8941176e+00  7.5294118e+00 
    94 :  1.3058824e+00  4.7058824e-01 
    95 :  1.4117647e+00  9.4117647e-01 
    96 :  1.5176471e+00  1.4117647e+00 
    97 :  1.6235294e+00  1.8823529e+00 
    98 :  1.7294118e+00  2.3529412e+00 
    99 :  1.8352941e+00  2.8235294e+00 
   100 :  1.9411765e+00  3.2941176e+00 
   101 :  2.0470588e+00  3.7647059e+00 
   102 :  2.1529412e+00  4.2352941e+00 
   103 :  2.2588235e+00  4.7058824e+00 
   104 :  2.3647059e+00  5.1764706e+00 
   105 :  2.4705882e+00  5.6470588e+00 
   106 :  2.5764706e+00  6.1176471e+00 
   107 :  2.6823529e+00  6.5882353e+00 
   108 :  2.7882353e+00  7.0588235e+00 
   109 :  2.8941176e+00  7.5294118e+00 
   110 : -2.1176471e+00  4.7058824e-01 
   111 : -2.2352941e+00  9.4117647e-01 
   112 : -2.3529412e+00  1.4117647e+00 
   113 : -2.4705882e+00  1.8823529e+00 
   114 : -2.5882353e+00  2.3529412e+00 
   115 : -2.7058824e+00  2.8235294e+00 
   116 : -2.8235294e+00  3.2941176e+00 
   117 : -2.9411765e+00  3.7647059e+00 
   118 : -3.0588235e+00  4.2352941e+00 
   119 : -3.1764706e+00  4.7058824e+00 
   120 : -3.2941176e+00  5.1764706e+00 
   121 : -3.4117647e+00  5.6470588e+00 
   122 : -3.5294118e+00  6.1176471e+00 
   123 : -3.6470588e+00  6.5882353e+00 
   124 : -3.7647059e+00  7.0588235e+00 
   125 : -3.8823529e+00  7.5294118e+00 
   126 :  2.1176471e+00  4.7058824e-01 
   127 :  2.2352941e+00  9.4117647e-01 
   128 :  2.3529412e+00  1.4117647e+00 
   129 :  2.4705882e+00  1.8823529e+00 
   130 :  2.5882353e+00  2.3529412e+00 
   131 :  2.7058824e+00  2.8235294e+00 
   132 :  2.8235294e+00  3.2941176e+00 
   133 :  2.9411765e+00  3.7647059e+00 
   134 :  3.0588235e+00  4.2352941e+00 
   135 :  3.1764706e+00  4.7058824e+00 
   136 :  3.2941176e+00  5.1764706e+00 
   137 :  3.4117647e+00  5.6470588e+00 
   138 :  3.5294118e+00  6.1176471e+00 
   139 :  3.6470588e+00  6.5882353e+00 
   140 :  3.7647059e+00  7.0588235e+00 
   141 :  3.8823529e+00  7.5294118e+00 
   142 :  3.8235219e-03  1.1163092e+01 
   143 :  6.9769762e-01  1.1519254e+01 
   144 : -6.9387410e-01  1.1521725e+01 
   145 : -5.3947337e-03 -1.3333366e+00 
   146 : -2.2793872e+00  1.0804032e+01 
   147 :  2.2793872e+00  1.0804032e+01 
   148 :  3.6706146e-01 -1.2945458e+00 
   149 : -4.5726397e-01 -1.2933533e+00 
   150 : -1.4687952e+00  1.1301481e+01 
   151 :  1.4687952e+00  1.1301481e+01 
   152 : -2.4326674e+00  1.0280388e+01 
   153 :  2.4326674e+00  1.0280388e+01 
   154 : -9.1815890e-01 -1.1147118e+00 
   155 :  8.9890456e-01 -1.0841742e+00 
   156 : -3.2878233e+00  9.5821537e+00 
   157 :  3.2878233e+00  9.5821537e+00 
   158 :  2.8163408e+00  9.7901637e+00 
   159 : -2.8163408e+00  9.7901637e+00 
   160 : -3.5856900e+00  8.1979003e+00 
   161 :  3.5856900e+00  8.1979003e+00 
   162 :  1.3149683e+00 -7.0980230e-01 
   163 : -1.3149683e+00 -7.0980230e-01 
   164 :  3.1746028e+00  8.7922400e+00 
   165 : -3.1746028e+00  8.7922400e+00 
   166 : -1.4933533e+00 -2.5726397e-01 
   167 :  1.5099483e+00 -2.6697141e-01 
   168 :  3.3516685e+00  7.7067866e+00 
   169 : -3.3516685e+00  7.7067866e+00 
   170 : -3.3000329e+00  6.9189930e+00 
   171 :  3.3000329e+00  6.9189930e+00 
   172 : -3.0369531e+00  6.2612444e+00 
   173 :  3.0369531e+00  6.2612444e+00 
   174 :  2.9207020e+00  5.4520569e+00 
   175 : -2.9207020e+00  5.4520569e+00 
   176 : -2.8145913e+00  5.0141891e+00 
   177 :  2.8145913e+00  5.0141891e+00 
   178 :  1.5612128e+00  1.3013694e-01 
   179 : -1.5977865e+00  1.5770392e-01 
   180 : -2.7073063e+00  4.5519997e+00 
   181 :  2.7073063e+00  4.5519997e+00 
   182 : -2.5957360e+00  4.0806243e+00 
   183 :  2.5957360e+00  4.0806243e+00 
   184 : -1.0125290e+00  1.1095995e+01 
   185 :  1.0129192e+00  1.1095743e+01 
   186 : -2.4839797e+00  3.6088503e+00 
   187 :  2.4839797e+00  3.6088503e+00 
   188 : -4.0898804e-01  1.1151599e+01 
   189 : -2.2646262e-01  1.1556253e+01 
   190 :  4.7051081e-01  1.1144303e+01 
   191 : -2.3722154e+00  3.1370590e+00 
   192 :  2.3722154e+00  3.1370590e+00 
   193 :  2.2604507e+00  2.6652670e+00 
   194 : -2.2604507e+00  2.6652670e+00 
   195 : -2.1486860e+00  2.1934750e+00 
   196 :  2.1486860e+00  2.1934750e+00 
   197 :  2.0369213e+00  1.7216829e+00 
   198 : -2.0369213e+00  1.7216829e+00 
   199 : -1.9251565e+00  1.2498909e+00 
   200 :  1.9251565e+00  1.2498909e+00 
   201 :  2.3795268e-01  1.1558956e+01 
   202 :  1.8980356e+00  1.1050701e+01 
   203 : -1.8980356e+00  1.1050701e+01 
   204 : -1.8677244e+00  8.2013977e-01 
   205 :  1.8235294e+00  7.9411765e-01 
   206 : -2.2678354e-01 -1.6411390e+00 
   207 :  1.9296036e-01 -1.6653791e+00 
   208 : -8.1219712e-01 -1.4868168e+00 
   209 :  1.5435504e+00  1.0843781e+01 
   210 : -1.5435504e+00  1.0843781e+01 
   211 : -1.1101761e+00  1.1508607e+01 
   212 :  1.1110189e+00  1.1508062e+01 
   213 : -2.8896977e+00  1.0256500e+01 
   214 :  2.8896977e+00  1.0256500e+01 
   215 :  9.1550857e-01 -1.4217349e+00 
   216 : -3.4788106e+00  7.2901913e+00 
   217 :  3.4788106e+00  7.2901913e+00 
   218 : -1.6306734e+00 -5.7366820e-01 
   219 :  1.6336368e+00 -5.7540167e-01 
   220 :  3.0674419e+00  5.8745450e+00 
   221 : -3.0674419e+00  5.8745450e+00 
   222 :  1.2355812e+00 -1.0858897e+00 
   223 : -1.2793025e+00 -1.0584823e+00 
   224 : -3.6054646e+00  8.5969482e+00 
   225 :  3.6054646e+00  8.5969482e+00 
   226 :  3.0365204e+00  6.6481232e+00 
   227 : -3.0365204e+00  6.6481232e+00 
   228 : -2.6184555e+00  1.0618456e+01 
   229 :  2.6184555e+00  1.0618456e+01 
   230 :  5.7467328e-01 -1.5570419e+00 
   231 : -1.9636576e+00  1.0539451e+01 
   232 :  1.9636576e+00  1.0539451e+01 
   233 : -3.4561950e+00  9.1332028e+00 
   234 :  3.4561950e+00  9.1332028e+00 
   235 :  1.7612323e+00  3.9251018e-01 
   236 :  3.7049278e+00  7.8585247e+00 
   237 : -3.7049278e+00  7.8585247e+00 
   238 :  3.1749380e+00  9.9388923e+00 
   239 : -3.1749380e+00  9.9388923e+00 
   240 :  3.1433501e+00  7.2825841e+00 
   241 : -3.1433501e+00  7.2825841e+00 
   242 :  6.6179968e-01 -1.2211569e+00 
   243 : -5.6181080e-01 -1.6346205e+00 
   244 : -1.6601610e+00  5.7203932e-01 
   245 : -3.0106625e+00  9.2787758e+00 
   246 :  3.0106625e+00  9.2787758e+00 
   247 :  3.2243832e+00  8.2645992e+00 
   248 : -3.2243832e+00  8.2645992e+00 
   249 :  3.3175980e+00  6.4862683e+00 
   250 : -3.3175980e+00  6.4862683e+00 
Number of edges 136 
     0 :      2     20 
     1 :     20     21 
     2 :     21     22 
     3 :     22      4 
     4 :      5     23 
     5 :     23     24 
     6 :     24     25 
     7 :     25      7 
     8 :      8     26 
     9 :     26     27 
    10 :     27     28 
    11 :     28     29 
    12 :     29     30 
    13 :     30     31 
    14 :     31      9 
    15 :      8     32 
    16 :     32     33 
    17 :     33     34 
    18 :     34     35 
    19 :     35     36 
    20 :     36     37 
    21 :     37     10 
    22 :     11     38 
    23 :     38     39 
    24 :     39     40 
    25 :     40     41 
    26 :     41     42 
    27 :     42     43 
    28 :     43     44 
    29 :     44     45 
    30 :     45     13 
    31 :     14     46 
    32 :     46     47 
    33 :     47     48 
    34 :     48     49 
    35 :     49     50 
    36 :     50     51 
    37 :     51     52 
    38 :     52     53 
    39 :     53     16 
    40 :     17     54 
    41 :     54     55 
    42 :     55     56 
    43 :     56     57 
    44 :     57     58 
    45 :     58     59 
    46 :     59     60 
    47 :     60     61 
    48 :     61     62 
    49 :     62     63 
    50 :     63     64 
    51 :     64     65 
    52 :     65     18 
    53 :     18     66 
    54 :     66     67 
    55 :     67     68 
    56 :     68     69 
    57 :     69     70 
    58 :     70     71 
    59 :     71     72 
    60 :     72     73 
    61 :     73     74 
    62 :     74     75 
    63 :     75     76 
    64 :     76     77 
    65 :     77     19 
    66 :      2     78 
    67 :     78     79 
    68 :     79     80 
    69 :     80     81 
    70 :     81     82 
    71 :     82     83 
    72 :     83     84 
    73 :     84     85 
    74 :     85     86 
    75 :     86     87 
    76 :     87     88 
    77 :     88     89 
    78 :     89     90 
    79 :     90     91 
    80 :     91     92 
    81 :     92     93 
    82 :     93     11 
    83 :      7     94 
    84 :     94     95 
    85 :     95     96 
    86 :     96     97 
    87 :     97     98 
    88 :     98     99 
    89 :     99    100 
    90 :    100    101 
    91 :    101    102 
    92 :    102    103 
    93 :    103    104 
    94 :    104    105 
    95 :    105    106 
    96 :    106    107 
    97 :    107    108 
    98 :    108    109 
    99 :    109     16 
   100 :     10    110 
   101 :    110    111 
   102 :    111    112 
   103 :    112    113 
   104 :    113    114 
   105 :    114    115 
   106 :    115    116 
   107 :    116    117 
   108 :    117    118 
   109 :    118    119 
   110 :    119    120 
   111 :    120    121 
   112 :    121    122 
   113 :    122    123 
   114 :    123    124 
   115 :    124    125 
   116 :    125     19 
   117 :      9    126 
   118 :    126    127 
   119 :    127    128 
   120 :    128    129 
   121 :    129    130 
   122 :    130    131 
   123 :    131    132 
   124 :    132    133 
   125 :    133    134 
   126 :    134    135 
   127 :    135    136 
   128 :    136    137 
   129 :    137    138 
   130 :    138    139 
   131 :    139    140 
   132 :    140    141 
   133 :    141     17 
   134 :      4      5 
   135 :     13     14 
Number of triangles 354 
     0 :    105    220    106
     1 :     90    221     89
     2 :     89    175     88
     3 :    104    174    105
     4 :    104    177    174
     5 :    175    176     88
     6 :    174    220    105
     7 :     89    221    175
     8 :     88    176     87
     9 :    103    177    104
    10 :    103    181    177
    11 :    176    180     87
    12 :    143    190    185
    13 :    184    188    144
    14 :     87    180     86
    15 :    102    181    103
    16 :    102    183    181
    17 :    180    182     86
    18 :      9    167     31
    19 :     37    166     10
    20 :    101    183    102
    21 :     86    182     85
    22 :    101    187    183
    23 :    182    186     85
    24 :    162    222     30
    25 :     36    223    163
    26 :    100    187    101
    27 :     85    186     84
    28 :    186    191     84
    29 :    100    192    187
    30 :    185    190     46
    31 :     45    188    184
    32 :     84    191     83
    33 :     99    192    100
    34 :     99    193    192
    35 :    191    194     83
    36 :    154    223     34
    37 :     10    179    110
    38 :     34    208    154
    39 :     83    194     82
    40 :     98    193     99
    41 :    194    195     82
    42 :     98    196    193
    43 :     97    196     98
    44 :     82    195     81
    45 :    195    198     81
    46 :     97    197    196
    47 :    166    179     10
    48 :      9    178    167
    49 :     81    198     80
    50 :     96    197     97
    51 :    198    199     80
    52 :     96    200    197
    53 :    179    244    110
    54 :     30    222     29
    55 :     35    223     36
    56 :    161    247    168
    57 :    169    248    160
    58 :     95    200     96
    59 :     80    199     79
    60 :     94    235    205
    61 :     95    205    200
    62 :    199    204     79
    63 :     22    154    149
    64 :     20    166    163
    65 :    162    167     25
    66 :    152    231    146
    67 :    147    232    153
    68 :     94    205     95
    69 :    160    237    169
    70 :    168    236    161
    71 :     21    223    154
    72 :    155    222     24
    73 :    163    223     21
    74 :     24    222    162
    75 :    168    247     16
    76 :     11    248    169
    77 :    209    232    202
    78 :    203    231    210
    79 :     28    222    215
    80 :    146    228    152
    81 :    153    229    147
    82 :    215    222    155
    83 :    166    218    163
    84 :    162    219    167
    85 :    154    208    149
    86 :    156    245    159
    87 :    158    246    157
    88 :     30    219    162
    89 :    163    218     36
    90 :     50    158    153
    91 :    152    159     41
    92 :    224    233     76
    93 :     55    234    225
    94 :      5    148     23
    95 :    165    233    224
    96 :    225    234    164
    97 :     18    201     65
    98 :    202    232    147
    99 :    146    231    203
   100 :    234    246    164
   101 :    165    245    233
   102 :     46    190     14
   103 :     13    188     45
   104 :     66    189     18
   105 :    224    248    165
   106 :    164    247    225
   107 :     47    209    185
   108 :    184    210     44
   109 :    106    220    173
   110 :    172    221     90
   111 :      4    149    145
   112 :    185    209    151
   113 :    150    210    184
   114 :    185    212    143
   115 :    144    211    184
   116 :    189    201     18
   117 :    165    248     38
   118 :     53    247    164
   119 :    164    246     52
   120 :     39    245    165
   121 :    159    245     40
   122 :     51    246    158
   123 :    159    239    156
   124 :    157    238    158
   125 :     42    231    152
   126 :    153    232     49
   127 :    125    216    169
   128 :    168    217    141
   129 :     78    179      2
   130 :    144    189     66
   131 :    148    242     23
   132 :      8    207    206
   133 :    158    214    153
   134 :    152    213    159
   135 :     39    165     38
   136 :     53    164     52
   137 :     41    159     40
   138 :     51    158     50
   139 :     42    152     41
   140 :     50    153     49
   141 :    137    174    136
   142 :    120    175    121
   143 :    140    171    139
   144 :    123    170    124
   145 :    174    177    136
   146 :    120    176    175
   147 :      7    178     94
   148 :     19    160     77
   149 :     54    161     17
   150 :    109    168     16
   151 :     11    169     93
   152 :     91    172     90
   153 :    106    173    107
   154 :    119    176    120
   155 :    136    177    135
   156 :     65    143     64
   157 :     67    144     66
   158 :     69    150     68
   159 :     63    151     62
   160 :     71    146     70
   161 :     61    147     60
   162 :     57    157     56
   163 :     75    156     74
   164 :     34    223     35
   165 :     29    222     28
   166 :    177    181    135
   167 :    119    180    176
   168 :      4    145      5
   169 :     37    218    166
   170 :    167    219     31
   171 :    149    206    145
   172 :    135    181    134
   173 :    118    180    119
   174 :     65    201    143
   175 :      2    179    166
   176 :    108    226    171
   177 :    170    227     92
   178 :    181    183    134
   179 :    118    182    180
   180 :    134    183    133
   181 :    117    182    118
   182 :     33    208     34
   183 :      8    206     32
   184 :    183    187    133
   185 :    117    186    182
   186 :     21    154     22
   187 :     23    155     24
   188 :     22    149      4
   189 :    142    189    188
   190 :    126    235      9
   191 :     45    184     44
   192 :     47    185     46
   193 :    122    221    172
   194 :    173    220    138
   195 :     14    142     13
   196 :     24    162     25
   197 :     20    163     21
   198 :     25    167      7
   199 :      2    166     20
   200 :    145    148      5
   201 :    169    237    125
   202 :    141    236    168
   203 :    116    186    117
   204 :    133    187    132
   205 :      9    235    178
   206 :    116    191    186
   207 :    187    192    132
   208 :    206    207    145
   209 :    132    192    131
   210 :    115    191    116
   211 :    192    193    131
   212 :    115    194    191
   213 :    142    201    189
   214 :    131    193    130
   215 :    114    194    115
   216 :    142    188     13
   217 :     14    190    142
   218 :    114    195    194
   219 :    193    196    130
   220 :    124    216    125
   221 :    141    217    140
   222 :    113    195    114
   223 :    130    196    129
   224 :    121    221    122
   225 :    138    220    137
   226 :    196    197    129
   227 :    113    198    195
   228 :    188    189    144
   229 :    107    226    108
   230 :     92    227     91
   231 :    190    201    142
   232 :    169    241     93
   233 :    109    240    168
   234 :     48    232    209
   235 :    210    231     43
   236 :    112    198    113
   237 :    129    197    128
   238 :     79    244     78
   239 :    112    199    198
   240 :    197    200    128
   241 :     92    241    170
   242 :    171    240    108
   243 :    111    199    112
   244 :    128    200    127
   245 :    167    178      7
   246 :    233    245    156
   247 :    157    246    234
   248 :    200    205    127
   249 :    111    204    199
   250 :     62    202     61
   251 :     70    203     69
   252 :    151    202     62
   253 :     69    203    150
   254 :     61    202    147
   255 :    146    203     70
   256 :    110    204    111
   257 :    127    205    126
   258 :    171    249    139
   259 :    123    250    170
   260 :    215    242    230
   261 :     48    209     47
   262 :     44    210     43
   263 :    143    212     64
   264 :     67    211    144
   265 :     63    212    151
   266 :    150    211     68
   267 :     26    207      8
   268 :    145    207    148
   269 :    204    244     79
   270 :     55    225     54
   271 :     77    224     76
   272 :     76    233     75
   273 :     56    234     55
   274 :     71    228    146
   275 :    147    229     60
   276 :     57    238    157
   277 :    156    239     74
   278 :    184    211    150
   279 :    151    212    185
   280 :    172    250    122
   281 :    138    249    173
   282 :    143    201    190
   283 :    216    241    169
   284 :    168    240    217
   285 :     64    212     63
   286 :     68    211     67
   287 :     73    213     72
   288 :     59    214     58
   289 :    225    247    161
   290 :    160    248    224
   291 :    230    242    148
   292 :     36    218     37
   293 :     31    219     30
   294 :    178    235     94
   295 :     28    215     27
   296 :    170    216    124
   297 :    140    217    171
   298 :    137    220    174
   299 :    175    221    121
   300 :     17    236    141
   301 :    125    237     19
   302 :    110    244    204
   303 :     54    225    161
   304 :    160    224     77
   305 :    170    250    227
   306 :    226    249    171
   307 :     27    230     26
   308 :    151    209    202
   309 :    203    210    150
   310 :     72    228     71
   311 :     60    229     59
   312 :    173    226    107
   313 :     91    227    172
   314 :     43    231     42
   315 :     49    232     48
   316 :     32    243     33
   317 :    157    234     56
   318 :     75    233    156
   319 :    161    236     17
   320 :     19    237    160
   321 :     38    248     11
   322 :     16    247     53
   323 :     58    238     57
   324 :     74    239     73
   325 :    139    249    138
   326 :    122    250    123
   327 :    108    240    109
   328 :     93    241     92
   329 :     40    245     39
   330 :     52    246     51
   331 :    207    230    148
   332 :    213    228     72
   333 :     59    229    214
   334 :    149    243    206
   335 :    158    238    214
   336 :    213    239    159
   337 :    152    228    213
   338 :    214    229    153
   339 :    214    238     58
   340 :     73    239    213
   341 :    208    243    149
   342 :     26    230    207
   343 :     23    242    155
   344 :    215    230     27
   345 :    205    235    126
   346 :     78    244    179
   347 :    155    242    215
   348 :    206    243     32
   349 :     33    243    208
   350 :    217    240    171
   351 :    170    241    216
   352 :    227    250    172
   353 :    173    249    226
Number of domains 14
  Domain :      0 
  Name : Entity 20 
  Number of elements :      4
     0     1     2     3
  Domain :      1 
  Name : Entity 21 
  Number of elements :      4
     4     5     6     7
  Domain :      2 
  Name : Entity 22 
  Number of elements :      7
     8     9    10    11    12    13    14
  Domain :      3 
  Name : Entity 23 
  Number of elements :      7
    15    16    17    18    19    20    21
  Domain :      4 
  Name : Entity 24 
  Number of elements :      9
    22    23    24    25    26    27    28    29    30
  Domain :      5 
  Name : Entity 25 
  Number of elements :      9
    31    32    33    34    35    36    37    38    39
  Domain :      6 
  Name : Entity 26 
  Number of elements :     13
    40    41    42    43    44    45    46    47    48    49
    50    51    52
  Domain :      7 
  Name : Entity 27 
  Number of elements :     13
    53    54    55    56    57    58    59    60    61    62
    63    64    65
  Domain :      8 
  Name : Entity 28 
  Number of elements :     17
    66    67    68    69    70    71    72    73    74    75
    76    77    78    79    80    81    82
  Domain :      9 
  Name : Entity 29 
  Number of elements :     17
    83    84    85    86    87    88    89    90    91    92
    93    94    95    96    97    98    99
  Domain :     10 
  Name : Entity 30 
  Number of elements :     17
   100   101   102   103   104   105   106   107   108   109
   110   111   112   113   114   115   116
  Domain :     11 
  Name : Entity 31 
  Number of elements :     17
   117   118   119   120   121   122   123   124   125   126
   127   128   129   130   131   132   133
  Domain :     12 
  Name : Entity 32 
  Number of elements :      1
   134
  Domain :     13 
  Name : Entity 33 
  Number of elements :      1
   135
